ORB time-window optimisation
windows scanned: 204 with >= 100 train trades
TRAIN 2024-01..2025-06   HOLDOUT 2025-07..2026-06
sizing 0.1 lots, commission 7.0/lot round turn

=== top 20 windows by TRAIN net P&L (and what they did next) ===
     param  trades_tr  pf_tr   net_tr  exp_tr  trades_ho  pf_ho    net_ho  exp_ho  both
h01_r60_t3        360   1.42 7,804.61   21.68        236   1.13  4,332.68   18.36  True
h01_r60_t2        360   1.37 6,400.32   17.78        236   1.07  2,310.06    9.79  True
h02_r15_t3        374   1.61 5,861.86   15.67        254   1.37  6,613.86   26.04  True
h02_r30_t3        381   1.43 5,174.36   13.58        254   1.34  7,178.73   28.26  True
h02_r60_t2        378   1.33 4,828.21   12.77        251   1.14  3,832.48   15.27  True
h02_r60_t3        378   1.29 4,584.76   12.13        251   1.09  2,543.59   10.13  True
h02_r30_t2        381   1.37 4,040.65   10.61        254   1.27  5,268.65   20.74  True
h06_r30_t3        382   1.26 3,672.14    9.61        254   1.21  4,868.31   19.17  True
h05_r60_t2        384   1.25 3,585.90    9.34        248   1.22  5,591.85   22.55  True
h13_r60_t2        376   1.20 3,334.26    8.87        241   1.17  4,543.01   18.85  True
h11_r60_t2        386   1.22 3,213.54    8.33        253   0.89 -2,867.99  -11.34 False
h14_r15_t2        385   1.23 3,114.62    8.09        254   1.23  4,682.02   18.43  True
h07_r30_t2        383   1.25 3,068.36    8.01        252   1.07  1,380.11    5.48  True
h00_r60_t2        382   1.22 3,018.95    7.90        243   1.32  8,206.20   33.77  True
h13_r60_t3        376   1.17 2,988.30    7.95        241   1.16  4,361.13   18.10  True
h05_r15_t3        335   1.40 2,768.09    8.26        247   1.50  6,351.77   25.72  True
h08_r60_t3        383   1.16 2,690.60    7.03        251   1.35  9,453.16   37.66  True
h06_r30_t2        382   1.21 2,662.54    6.97        254   1.28  5,784.56   22.77  True
h05_r60_t3        384   1.17 2,618.52    6.82        248   1.26  7,253.99   29.25  True
h01_r30_t3        375   1.14 2,524.25    6.73        245   1.16  4,909.39   20.04  True

=== top 20 windows by HOLDOUT net P&L ===
     param  trades_tr  pf_tr   net_tr  exp_tr  trades_ho  pf_ho    net_ho  exp_ho  both
h00_r30_t3        377   1.04   478.89    1.27        252   1.68 15,435.48   61.25  True
h00_r60_t3        382   1.05   799.60    2.09        243   1.53 13,824.90   56.89  True
h05_r30_t3        372   1.22 2,270.74    6.10        253   1.55  9,730.74   38.46  True
h08_r60_t3        383   1.16 2,690.60    7.03        251   1.35  9,453.16   37.66  True
h18_r30_t3        368   1.07   541.94    1.47        245   1.68  8,762.64   35.77  True
h00_r30_t2        377   1.07   702.12    1.86        252   1.39  8,347.45   33.12  True
h18_r60_t3        354   1.15 1,023.16    2.89        236   1.69  8,297.29   35.16  True
h00_r60_t2        382   1.22 3,018.95    7.90        243   1.32  8,206.20   33.77  True
h05_r60_t3        384   1.17 2,618.52    6.82        248   1.26  7,253.99   29.25  True
h02_r30_t3        381   1.43 5,174.36   13.58        254   1.34  7,178.73   28.26  True
h05_r30_t2        372   1.25 2,277.84    6.12        253   1.45  7,152.56   28.27  True
h14_r15_t3        385   1.16 2,291.41    5.95        254   1.33  7,025.86   27.66  True
h15_r60_t3        362   1.02   256.79    0.71        235   1.35  6,785.21   28.87  True
h14_r60_t3        361   1.04   523.44    1.45        240   1.28  6,772.61   28.22  True
h04_r60_t2        382   1.06   676.54    1.77        253   1.39  6,740.38   26.64  True
h02_r15_t3        374   1.61 5,861.86   15.67        254   1.37  6,613.86   26.04  True
h05_r15_t3        335   1.40 2,768.09    8.26        247   1.50  6,351.77   25.72  True
h18_r60_t2        354   1.16 1,038.38    2.93        236   1.50  6,029.78   25.55  True
h18_r30_t2        368   1.06   421.76    1.15        245   1.46  5,903.77   24.10  True
h06_r30_t2        382   1.21 2,662.54    6.97        254   1.28  5,784.56   22.77  True

=== windows profitable in BOTH periods ===
86 / 204 windows  (42.2%; ~25% expected by chance)
     param  trades_tr  pf_tr   net_tr  exp_tr  trades_ho  pf_ho   net_ho  exp_ho  both
h01_r60_t3        360   1.42 7,804.61   21.68        236   1.13 4,332.68   18.36  True
h01_r60_t2        360   1.37 6,400.32   17.78        236   1.07 2,310.06    9.79  True
h02_r15_t3        374   1.61 5,861.86   15.67        254   1.37 6,613.86   26.04  True
h02_r30_t3        381   1.43 5,174.36   13.58        254   1.34 7,178.73   28.26  True
h02_r60_t2        378   1.33 4,828.21   12.77        251   1.14 3,832.48   15.27  True
h02_r60_t3        378   1.29 4,584.76   12.13        251   1.09 2,543.59   10.13  True
h02_r30_t2        381   1.37 4,040.65   10.61        254   1.27 5,268.65   20.74  True
h06_r30_t3        382   1.26 3,672.14    9.61        254   1.21 4,868.31   19.17  True
h05_r60_t2        384   1.25 3,585.90    9.34        248   1.22 5,591.85   22.55  True
h13_r60_t2        376   1.20 3,334.26    8.87        241   1.17 4,543.01   18.85  True
h14_r15_t2        385   1.23 3,114.62    8.09        254   1.23 4,682.02   18.43  True
h07_r30_t2        383   1.25 3,068.36    8.01        252   1.07 1,380.11    5.48  True
h00_r60_t2        382   1.22 3,018.95    7.90        243   1.32 8,206.20   33.77  True
h13_r60_t3        376   1.17 2,988.30    7.95        241   1.16 4,361.13   18.10  True
h05_r15_t3        335   1.40 2,768.09    8.26        247   1.50 6,351.77   25.72  True
h08_r60_t3        383   1.16 2,690.60    7.03        251   1.35 9,453.16   37.66  True
h06_r30_t2        382   1.21 2,662.54    6.97        254   1.28 5,784.56   22.77  True
h05_r60_t3        384   1.17 2,618.52    6.82        248   1.26 7,253.99   29.25  True
h01_r30_t3        375   1.14 2,524.25    6.73        245   1.16 4,909.39   20.04  True
h02_r15_t2        374   1.28 2,520.72    6.74        254   1.27 4,428.80   17.44  True
h14_r15_t3        385   1.16 2,291.41    5.95        254   1.33 7,025.86   27.66  True
h05_r30_t2        372   1.25 2,277.84    6.12        253   1.45 7,152.56   28.27  True
h05_r30_t3        372   1.22 2,270.74    6.10        253   1.55 9,730.74   38.46  True
h05_r30_t1        372   1.35 2,137.69    5.75        253   1.44 5,007.95   19.79  True
h05_r15_t2        335   1.35 2,123.74    6.34        247   1.35 3,987.17   16.14  True

=== does picking a window on TRAIN predict HOLDOUT? ===
Spearman +0.360   Pearson +0.353
top-20 train -> holdout: 19/20 positive, median net 4,889
bottom-20 train -> holdout: 8/20 positive, median net -195

=== anchor hour profile (pooled across range lengths & targets) ===
      windows     net_tr     net_ho  exp_tr  exp_ho  both_sign
hour                                                          
0           9  12,214.09  57,713.79    3.75   25.83       True
1           9  15,326.06  23,800.41    4.73   10.85       True
2           9  30,796.60  37,973.53    9.06   16.66       True
3           9  -2,950.11 -26,322.28   -0.86  -11.57       True
4           9   4,655.69  10,388.64    1.44    4.46       True
5           9  20,328.64  51,197.23    6.22   22.77       True
6           9  14,977.75  34,627.87    4.40   15.24       True
7           9   9,058.86   8,065.95    2.63    3.56       True
8           9  -1,684.12  30,551.10   -0.49   13.47      False
9           9   5,580.99 -25,541.40    1.62  -11.33      False
10          9  -1,779.14 -40,939.37   -0.50  -17.94       True
11          9   7,409.92 -22,172.16    2.12   -9.76      False
12          9 -10,939.42  12,174.07   -3.20    5.43      False
13          9   7,522.82   9,332.83    2.23    4.37       True
14          9  10,610.44  37,444.51    3.08   16.81       True
15          9   2,639.09  28,041.35    0.76   12.87       True
16          9  -6,005.85  -2,243.85   -1.80   -1.05       True
17          9   2,332.71  -3,980.44    0.73   -1.87      False
18          9     889.32  47,047.36    0.30   21.78       True
19          9   8,101.01   5,776.73    2.58    2.76       True
20          9   2,179.26  -1,103.89    0.88   -0.88      False
22          9  -3,416.56  -5,873.48   -2.62   -4.93       True
23          6  -2,927.15   6,038.43   -2.41    5.77      False

=== day of week, for the pre-registered 13:00 UTC / 60-min window ===
           trades_tr    net_tr  exp_tr  win_tr  trades_ho    net_ho  exp_ho  win_ho
weekday                                                                            
Monday           225    247.66    1.10   44.89        147 -3,576.80  -24.33   44.90
Tuesday          225   -524.88   -2.33   46.67        153  6,890.62   45.04   54.25
Wednesday        222  3,546.53   15.98   50.00        150 -4,300.04  -28.67   38.67
Thursday         231  6,688.51   28.95   57.14        132  7,300.70   55.31   50.76
Friday           225 -1,519.98   -6.76   49.33        141  5,840.03   41.42   46.81

=== day of week, pooled over ALL windows ===
           size_tr    sum_tr  mean_tr  size_ho     sum_ho  mean_ho
weekday                                                           
Monday       14865 21,894.82     1.47    10152  26,553.97     2.62
Tuesday      14931 15,932.38     1.07    10314  86,861.49     8.42
Wednesday    14667 -7,738.75    -0.53    10320   5,052.43     0.49
Thursday     14868 80,824.65     5.44     9669  44,168.28     4.57
Friday       13824 13,255.18     0.96     9048 120,359.60    13.30

=== hour x weekday: mean P&L per trade, TRAIN ===
hour        0      1     2     3     4     5     6     7      8     9      10    11     12    13    14    15     16    17    18    19    20    21     22    23
weekday                                                                                                                                                       
Monday    0.39   8.36  9.74 -2.30 10.84  4.88  4.92  4.01   2.62  0.89   5.57  1.04 -13.43 -4.21  5.77 -2.44   1.42  2.53 -3.13 -1.98 -0.76 -1.53  -1.92 -2.94
Tuesday   5.35   7.66  1.32 -6.32 -5.73  2.40  2.50  4.69  11.93 -2.80  -1.49 -2.50 -10.70  4.91  9.43  2.00   8.73  3.10  1.35 -0.82 -4.38 -5.49 -15.25 -0.95
Wednesday 1.76 -10.77  6.53  3.24  0.54  7.76 -8.00 -9.08 -14.32 -0.41 -13.58  3.44   0.08  4.39 -5.24  4.80  -5.36 -4.39 10.23  4.55 10.45  0.18  10.93 -2.47
Thursday  2.52   1.79 23.54  1.54 -2.58 13.73 15.95  5.03   7.98 11.47  11.58  8.17  -2.14  9.36 14.99 -0.42 -10.26  2.99  2.05  7.70 -1.95 -0.20  -6.46 -3.61
Friday    8.92  15.84  4.25 -0.41  4.11  2.09  6.24  8.33 -11.45 -1.05  -4.92  0.64  10.79 -3.59 -9.20  0.04  -3.32 -0.87 -8.91  3.31  0.06  3.23    NaN   NaN

sign agreement between TRAIN and HOLDOUT across the 120 hour x weekday cells: 61.7% (50% = coin flip)
