VWAP pullback - which conditions pay?
trade logs : 15 parameter set(s), 33,036 trades, 664 sessions
baseline   : pooled expectancy -7.77 USD/trade (-0.038 R), win rate 46.76%

`consistent` = % of parameter sets where the bucket is profitable on its own.
Parameter sets overlap heavily, so t_stat is descriptive, not a clean test.
Buckets under 30 trades are flagged `thin`.

=== entry hour (UTC) ===
      trades  win_rate  exp_usd  exp_R  total_usd   pf  tp_rate  sl_rate  t_stat  consistent
hour                                                                                        
0        576     54.51    -5.02  -0.01  -2,894.12 0.93    56.08    43.92   -0.70       33.00
1       2593     52.41    -7.97  -0.05 -20,675.11 0.89    54.65    45.35   -2.11       20.00
2       1491     52.11   -17.31  -0.06 -25,806.71 0.76    53.66    46.28   -3.95        0.00
3       1186     53.88    -8.85  -0.06 -10,496.51 0.87    55.23    44.77   -1.88       27.00
4        675     56.89    13.54   0.05   9,141.85 1.24    57.93    41.78    2.31       92.00
5       1456     47.25   -19.98  -0.09 -29,096.40 0.77    47.39    52.06   -3.95       20.00
6       1764     47.45    -2.43  -0.01  -4,285.94 0.97    47.11    52.10   -0.38       33.00
7       1277     47.69     0.00  -0.04       3.25 1.00    46.91    51.45    0.00       60.00
8       1585     49.53   -11.35  -0.07 -17,984.31 0.85    48.90    49.09   -2.61       13.00
9       1104     52.45     2.88   0.08   3,179.42 1.04    52.36    45.47    0.51       47.00
10      1072     48.04    -2.84  -0.04  -3,049.75 0.96    46.08    48.23   -0.56       40.00
11      1233     44.69   -20.15  -0.02 -24,843.29 0.79    41.28    51.66   -3.10       20.00
12      2028     41.91   -14.36  -0.10 -29,124.13 0.82    37.77    52.91   -3.38       27.00
13      3257     44.21    -4.91  -0.05 -16,002.87 0.93    33.44    48.48   -1.53       33.00
14      3551     40.27   -21.54  -0.10 -76,477.69 0.75    28.05    48.30   -6.44        0.00
15      2524     47.46    26.33   0.13  66,466.84 1.37    26.62    40.93    4.38      100.00
16      1631     46.66     2.57  -0.00   4,196.34 1.04    24.28    40.22    0.50       67.00
17       950     44.42    -8.96  -0.03  -8,507.98 0.87    19.79    40.11   -1.51       33.00
18       948     41.77    -3.00  -0.03  -2,843.02 0.96    20.04    42.30   -0.35       40.00
19       963     38.01   -36.89  -0.17 -35,524.87 0.54    11.01    40.19   -6.77        0.00
20       552     47.28   -21.49  -0.03 -11,863.21 0.72    11.96    34.60   -2.65        8.00
21       130     49.23   -18.16   0.01  -2,360.75 0.79    16.15    33.08   -0.98       50.00
22       433     47.81   -29.97  -0.13 -12,978.88 0.54     3.46    31.41   -4.69        7.00
23        57     26.32   -82.55  -0.42  -4,705.56 0.15     7.02    35.09   -6.04        0.00

=== session block ===
                trades  win_rate  exp_usd  exp_R  total_usd   pf  tp_rate  sl_rate  t_stat  consistent
block                                                                                                 
00-06 Asia        9741     51.31    -8.63  -0.04 -84,112.93 0.89    52.43    47.32   -4.29        0.00
07-12 London      8299     46.86    -8.65  -0.04 -71,818.81 0.89    44.84    50.17   -3.91       20.00
13-20 New York   14376     43.64    -5.60  -0.03 -80,556.47 0.93    25.76    44.12   -3.05        7.00
21-23 Late         620     46.13   -32.33  -0.13 -20,045.19 0.56     6.45    32.10   -5.32        0.00

=== weekday ===
            trades  win_rate  exp_usd  exp_R   total_usd   pf  tp_rate  sl_rate  t_stat  consistent
weekday                                                                                            
Monday    6,675.00     46.38    -2.07  -0.03  -13,849.23 0.97    37.75    46.92   -0.72       40.00
Tuesday   6,496.00     47.11    -8.88  -0.04  -57,699.37 0.88    39.72    45.49   -3.80        0.00
Wednesday 6,618.00     48.73    -2.94  -0.01  -19,463.93 0.96    39.88    45.04   -1.28       40.00
Thursday  6,855.00     46.58    -6.87  -0.04  -47,097.85 0.91    37.10    46.77   -2.44        0.00
Friday    6,392.00     44.95   -18.53  -0.08 -118,423.01 0.77    35.81    47.58   -7.73        0.00

=== direction ===
       trades  win_rate  exp_usd  exp_R   total_usd   pf  tp_rate  sl_rate  t_stat  consistent
dir                                                                                           
long    16520     46.45    -8.55  -0.03 -141,323.12 0.90    36.30    48.95   -4.63        0.00
short   16516     47.06    -6.98  -0.05 -115,210.27 0.90    39.81    43.76   -5.15        0.00

=== year ===
      trades  win_rate  exp_usd  exp_R   total_usd   pf  tp_rate  sl_rate  t_stat  consistent
year                                                                                         
2024    8386     50.25    -4.27  -0.04  -35,825.03 0.89    37.75    38.95   -4.44        0.00
2025   11876     48.47    -5.36  -0.03  -63,707.64 0.92    39.04    44.56   -3.75        0.00
2026   12774     42.88   -12.29  -0.04 -157,000.72 0.89    37.33    52.90   -4.77        0.00

=== stretch from VWAP at signal (|dev| %) ===
             trades  win_rate  exp_usd  exp_R   total_usd   pf  tp_rate  sl_rate  t_stat  consistent
dev_bucket                                                                                          
0.20 - 0.29    6609     55.29    -6.14  -0.06  -40,570.37 0.86    54.18    41.97   -5.68        0.00
0.29 - 0.41    6608     53.93    -5.68  -0.03  -37,558.06 0.90    51.68    41.83   -3.87        0.00
0.41 - 0.62    6610     48.29    -0.87  -0.01   -5,753.99 0.99    42.24    43.87   -0.45       44.00
0.62 - 1.03    6602     43.59    -7.33  -0.02  -48,396.21 0.92    28.79    46.38   -2.84        7.00
1.03 - 8.02    6607     32.68   -18.81  -0.07 -124,254.76 0.85    13.35    57.74   -4.30        0.00

=== session block x direction ===
                        trades  win_rate  exp_usd  exp_R  total_usd   pf  tp_rate  sl_rate  t_stat  consistent
hour_dir                                                                                                      
00-06 Asia / long         4904     50.59    -9.21  -0.02 -45,162.39 0.89    51.26    48.47   -2.82       13.00
00-06 Asia / short        4837     52.04    -8.05  -0.06 -38,950.54 0.88    53.61    46.14   -3.46       33.00
07-12 London / long       4146     43.39   -23.82  -0.08 -98,739.92 0.74    41.20    54.37   -6.85        0.00
07-12 London / short      4153     50.33     6.48  -0.00  26,921.11 1.10    48.47    45.99    2.38       80.00
13-20 New York / long     7238     45.19     0.24   0.00   1,745.15 1.00    24.07    46.74    0.08       60.00
13-20 New York / short    7138     42.07   -11.53  -0.06 -82,301.62 0.84    27.47    41.47   -5.33        0.00
21-23 Late / long          232     53.02     3.59   0.05     834.03 1.06    13.79    31.47    0.32       67.00
21-23 Late / short         388     42.01   -53.81  -0.23 -20,879.22 0.32     2.06    32.47   -7.95        0.00

session context joined for 100.0% of trades

=== trend vs range (|close-open| / range: 0 = chop, 1 = trend) ===
              trades  win_rate  exp_usd  exp_R   total_usd   pf  tp_rate  sl_rate  t_stat  consistent
b_trendiness                                                                                         
-0.00 - 0.20    6642     59.38    46.99   0.27  312,111.08 1.76    52.88    38.27   13.82      100.00
0.20 - 0.42     6592     57.52    28.03   0.16  184,750.61 1.52    48.29    38.70   13.23      100.00
0.42 - 0.58     6606     48.14    -6.86  -0.02  -45,325.64 0.91    36.42    45.67   -2.89        0.00
0.58 - 0.77     6626     41.11   -33.07  -0.18 -219,154.88 0.62    31.10    49.68  -14.34        0.00
0.77 - 0.99     6570     27.50   -74.42  -0.42 -488,914.56 0.31    21.45    59.56  -35.67        0.00

=== session range (% of open) ===
              trades  win_rate  exp_usd  exp_R   total_usd   pf  tp_rate  sl_rate  t_stat  consistent
b_range_pct                                                                                          
0.44 - 1.36     6614     68.84    31.46   0.26  208,090.99 2.41    58.18    23.06   30.58      100.00
1.36 - 1.81     6617     51.94    13.07   0.02   86,514.18 1.29    40.35    39.10    8.60       80.00
1.81 - 2.34     6660     46.97     5.91  -0.03   39,347.18 1.09    38.21    45.11    3.03       60.00
2.34 - 3.73     6580     36.75   -37.63  -0.22 -247,621.81 0.63    28.47    56.49  -15.55        0.00
3.73 - 14.12    6565     29.11   -52.23  -0.22 -342,863.93 0.66    24.90    68.27  -11.89        0.00

=== realized volatility (%) ===
                    trades  win_rate  exp_usd  exp_R   total_usd   pf  tp_rate  sl_rate  t_stat  consistent
b_realized_vol_pct                                                                                         
0.38 - 0.85           6621     54.45    -0.25   0.00   -1,628.19 0.99    40.39    32.65   -0.25       53.00
0.85 - 1.08           6596     48.48    -5.85  -0.06  -38,616.39 0.89    38.19    42.42   -3.88       40.00
1.08 - 1.39           6612     50.89     5.01   0.02   33,112.25 1.08    43.22    43.41    2.48       87.00
1.39 - 1.91           6707     45.92    -5.52  -0.03  -37,044.77 0.94    38.72    49.84   -2.26        7.00
1.91 - 6.87           6500     33.83   -32.67  -0.12 -212,356.28 0.77    29.58    63.72   -7.33        0.00

=== number of VWAP crosses (range days cross often) ===
                trades  win_rate  exp_usd  exp_R   total_usd   pf  tp_rate  sl_rate  t_stat  consistent
b_vwap_crosses                                                                                         
1 - 8             8134     32.49   -51.80  -0.29 -421,333.31 0.51    21.59    60.62  -20.94        0.00
8 - 12            6636     43.43   -18.06  -0.12 -119,824.97 0.77    34.21    48.88   -8.06        0.00
12 - 15           5879     49.67    -0.87  -0.01   -5,087.70 0.99    39.53    43.53   -0.39       53.00
15 - 20           6416     50.11    14.27   0.08   91,565.39 1.19    43.91    43.30    4.18      100.00
20 - 53           5971     63.42    33.18   0.24  198,147.20 1.75    57.01    30.20   17.67       93.00

=== average spread (USD) ===
              trades  win_rate  exp_usd  exp_R   total_usd   pf  tp_rate  sl_rate  t_stat  consistent
b_avg_spread                                                                                         
0.04 - 0.04    13287     49.14    -5.39  -0.03  -71,648.41 0.92    39.56    43.32   -4.09        0.00
0.04 - 0.06     6548     46.03    -3.74  -0.01  -24,520.82 0.95    36.84    45.86   -1.18        7.00
0.06 - 0.10     6806     44.03   -20.97  -0.10 -142,713.39 0.74    35.09    49.02   -8.96        0.00
0.10 - 0.16     6395     45.46    -2.76  -0.01  -17,650.77 0.97    39.31    50.35   -0.84       13.00

=== furthest the day stretched from VWAP (%) ===
               trades  win_rate  exp_usd  exp_R   total_usd   pf  tp_rate  sl_rate  t_stat  consistent
b_max_dev_pct                                                                                         
0.22 - 0.74      6633     67.60    30.59   0.24  202,934.74 2.20    58.99    24.48   27.40      100.00
0.74 - 0.98      6632     53.60    18.74   0.06  124,251.81 1.40    43.98    38.48   11.57      100.00
0.98 - 1.36      6603     44.46    -4.70  -0.09  -31,050.62 0.93    33.58    46.30   -2.52       40.00
1.36 - 2.07      6610     37.88   -30.86  -0.19 -203,957.75 0.67    28.46    55.39  -13.01        0.00
2.07 - 8.32      6558     30.01   -53.17  -0.21 -348,711.57 0.65    25.05    67.41  -12.07        0.00

=== session return (%) ===
                trades  win_rate  exp_usd  exp_R   total_usd   pf  tp_rate  sl_rate  t_stat  consistent
b_ret_pct                                                                                              
-10.06 - -1.23    6617     29.79   -61.65  -0.31 -407,950.90 0.52    21.40    64.56  -17.98        0.00
-1.23 - -0.27     6625     53.99    19.67   0.08  130,342.23 1.36    40.42    41.18    8.56      100.00
-0.27 - +0.46     6602     67.72    43.24   0.30  285,485.97 2.23    60.32    28.90   26.68      100.00
+0.46 - +1.27     6601     50.46    14.43   0.04   95,237.29 1.25    41.54    39.48    5.95      100.00
+1.27 - +6.59     6591     31.82   -54.57  -0.32 -359,647.98 0.49    26.60    57.67  -22.38        0.00

=== trade direction vs the day's net move ===
                    trades  win_rate  exp_usd  exp_R   total_usd   pf  tp_rate  sl_rate  t_stat  consistent
with_trend                                                                                                 
against day's move   25916     40.52   -26.10  -0.16 -676,411.41 0.70    30.08    51.09  -20.33        0.00
with day's move       7120     69.48    58.97   0.39  419,878.02 2.35    67.06    29.13   24.76      100.00

=== range days only (bottom 40% trendiness), by session block ===
                trades  win_rate  exp_usd  exp_R  total_usd   pf  tp_rate  sl_rate  t_stat  consistent
block                                                                                                 
00-06 Asia        4194     54.82     7.09   0.04  29,730.52 1.10    55.70    44.16    2.13      100.00
07-12 London      3295     59.24    40.35   0.22 132,953.18 1.74    57.48    40.06   10.82      100.00
13-20 New York    5562     60.45    58.79   0.34 326,970.79 2.13    43.67    33.84   17.52      100.00
21-23 Late         183     67.21    39.38   0.31   7,207.21 1.83    19.67    21.31    3.20      100.00

=== most profitable buckets (>= 30 trades) ===
         dimension        bucket  trades  win_rate  exp_usd  exp_R   pf  consistent
      b_trendiness  -0.00 - 0.20    6642     59.38    46.99   0.27 1.76      100.00
         b_ret_pct -0.27 - +0.46    6602     67.72    43.24   0.30 2.23      100.00
    b_vwap_crosses       20 - 53    5971     63.42    33.18   0.24 1.75       93.33
       b_range_pct   0.44 - 1.36    6614     68.84    31.46   0.26 2.41      100.00
     b_max_dev_pct   0.22 - 0.74    6633     67.60    30.59   0.24 2.20      100.00
      b_trendiness   0.20 - 0.42    6592     57.52    28.03   0.16 1.52      100.00
              hour            15    2524     47.46    26.33   0.13 1.37      100.00
         b_ret_pct -1.23 - -0.27    6625     53.99    19.67   0.08 1.36      100.00
     b_max_dev_pct   0.74 - 0.98    6632     53.60    18.74   0.06 1.40      100.00
         b_ret_pct +0.46 - +1.27    6601     50.46    14.43   0.04 1.25      100.00
    b_vwap_crosses       15 - 20    6416     50.11    14.27   0.08 1.19      100.00
              hour             4     675     56.89    13.54   0.05 1.24       91.67
       b_range_pct   1.36 - 1.81    6617     51.94    13.07   0.02 1.29       80.00
       b_range_pct   1.81 - 2.34    6660     46.97     5.91  -0.03 1.09       60.00
b_realized_vol_pct   1.08 - 1.39    6612     50.89     5.01   0.02 1.08       86.67

=== least profitable buckets ===
     dimension         bucket  trades  win_rate  exp_usd  exp_R   pf  consistent
  b_trendiness    0.58 - 0.77    6626     41.11   -33.07  -0.18 0.62        0.00
          hour             19     963     38.01   -36.89  -0.17 0.54        0.00
   b_range_pct    2.34 - 3.73    6580     36.75   -37.63  -0.22 0.63        0.00
b_vwap_crosses          1 - 8    8134     32.49   -51.80  -0.29 0.51        0.00
   b_range_pct   3.73 - 14.12    6565     29.11   -52.23  -0.22 0.66        0.00
 b_max_dev_pct    2.07 - 8.32    6558     30.01   -53.17  -0.21 0.65        0.00
     b_ret_pct  +1.27 - +6.59    6591     31.82   -54.57  -0.32 0.49        0.00
     b_ret_pct -10.06 - -1.23    6617     29.79   -61.65  -0.31 0.52        0.00
  b_trendiness    0.77 - 0.99    6570     27.50   -74.42  -0.42 0.31        0.00
          hour             23      57     26.32   -82.55  -0.42 0.15        0.00
